image: andra.pgm
resolution: 0.1235294
origin: [-308.8235, -343.2882026, 0.0]
negate: 0
occupied_thresh: 0.65
free_thresh: 0.25
